3 2 1 1
3 1 1 32
1 1 0 1
1 1 0 1
3 2 1 48
1 1 0 1
1 1 0 1
3 1 1 72
1 1 0 1
1 1 0 1
3 1 1 72
1 1 0 1
1 1 0 1
5 2 2 72
1 1 0 1
1 1 0 1
5 1 2 120
1 1 0 1
1 1 0 1
5 1 2 120
1 1 0 1
1 1 0 1
5 2 2 240
1 1 0 1
1 1 0 1
5 1 2 480
1 1 0 1
1 1 0 1
5 1 2 480
1 1 0 1
1 1 0 1
3 1 1 480
1 1 0 1
1 1 0 1
3 1 1 576
1 1 0 1
1 1 0 1
5 2 2 576
1 1 0 1
1 1 0 1
5 1 2 1152
1 1 0 1
1 1 0 1
5 1 2 1152
1 1 0 1
1 1 0 1
5 1 2 1152
1 1 0 1
1 1 0 1
3 1 1 1152
1 1 0 1
1 1 0 1
1 1 0 1
3 1 1 1
1 1 0 1
3 1 1 1
1 1 0 1
3 1 1 1
1 1 0 1
3 1 1 1
5 1 2 1
5 2 2 1
5 1 2 1
5 1 2 1
3 1 1 1
3 2 1 1
3 1 1 1
3 1 1 1
3 1 1 1
3 2 1 1
3 1 1 1
3 1 1 1
3 1 1 1
3 2 1 1
3 1 1 1
3 1 1 1
3 1 1 1
3 1 1 1
3 1 1 1
3 1 1 1
3 1 1 1
3 1 1 1
3 1 1 1
3 1 1 1
3 1 1 1
3 1 1 1
3 1 1 1
3 1 1 1
3 1 1 1
5 1 2 1
5 1 2 1
5 1 2 1
3 1 1 1
5 1 2 1
5 1 2 1
3 1 1 1